193	20.2816	0	21.8407	0	1.5532e-306	0	0	0	0	0	0	0
192	20.2827	0.202032	21.8436	0.282178	22.5573	21.294	12.9598	11.284	22.4174	22.1187	12.8821	13.3571
191	20.2918	0.202248	21.8669	0.281698	22.5524	21.2969	12.952	11.2905	22.393	22.119	12.8668	13.3537
190	20.3022	0.20237	21.8942	0.281244	22.5478	21.3006	12.9451	11.2952	22.3732	22.1237	12.8549	13.3542
189	20.3185	0.202457	21.9243	0.280748	22.5412	21.3067	12.9406	11.3021	22.3571	22.1317	12.8454	13.3564
188	20.8757	0.230618	21.8773	0.269007	24.6096	22.5412	15.0728	12.9406	22.8783	22.3571	12.1643	12.8454
187	20.8911	0.230597	21.9167	0.268531	24.6054	22.5478	15.0686	12.9451	22.8692	22.3732	12.1616	12.8549
186	20.9003	0.230676	21.9608	0.268018	24.6042	22.5524	15.0724	12.952	22.8627	22.393	12.1606	12.8668
185	20.9176	0.230555	22.0087	0.26752	24.5938	22.5573	15.0789	12.9598	22.8616	22.4174	12.1628	12.8821
184	21.6513	0.271738	22.0421	0.248083	28.221	24.5938	17.7858	15.0789	23.7539	22.8616	11.2295	12.1628
183	21.6576	0.272173	22.0784	0.247464	28.2367	24.6042	17.7437	15.0724	23.7168	22.8627	11.2116	12.1606
182	21.6587	0.27267	22.1198	0.246825	28.2381	24.6054	17.7109	15.0686	23.6855	22.8692	11.1967	12.1616
181	21.6689	0.272973	22.1672	0.246134	28.235	24.6096	17.6959	15.0728	23.6529	22.8783	11.1816	12.1643
180	22.6981	0.331861	22.4199	0.214467	35	28.235	21	17.6959	25	23.6529	10	11.1816
179	22.7036	0.33281	22.4824	0.213876	35	28.2381	21	17.7109	25	23.6855	10	11.1967
178	22.7007	0.333909	22.5424	0.213325	35	28.2367	21	17.7437	25	23.7168	10	11.2116
177	22.6718	0.335355	22.6136	0.21268	35	28.221	21	17.7858	25	23.7539	10	11.2295
176	20.5408	0.204675	23.1685	0.277136	22.7145	21.5079	13.2474	11.5762	23.5834	23.3672	13.6262	14.2578
175	20.5239	0.205082	23.2127	0.276321	22.7096	21.4964	13.2426	11.5791	23.545	23.3717	13.605	14.2568
174	20.5325	0.205132	23.2541	0.275613	22.7046	21.4989	13.2346	11.5807	23.5148	23.3787	13.5893	14.2586
173	20.548	0.20517	23.2973	0.274907	22.6963	21.5038	13.2303	11.5862	23.4901	23.3892	13.5769	14.2628
172	21.0796	0.23478	23.1632	0.261936	24.7017	22.6963	15.3849	13.2303	23.8456	23.4901	12.6868	13.5769
171	21.0977	0.234515	23.2199	0.261225	24.6977	22.7046	15.3871	13.2346	23.8357	23.5148	12.6795	13.5893
170	21.1081	0.234634	23.284	0.260446	24.696	22.7096	15.3905	13.2426	23.8293	23.545	12.6739	13.605
169	21.1255	0.234461	23.3527	0.259719	24.6856	22.7145	15.3907	13.2474	23.8348	23.5834	12.674	13.6262
168	21.811	0.278074	23.2695	0.238956	28.225	24.6856	18.0946	15.3907	24.4511	23.8348	11.4715	12.674
167	21.8191	0.278319	23.3253	0.238015	28.2385	24.696	18.0737	15.3905	24.3788	23.8293	11.4513	12.6739
166	21.8199	0.278581	23.3912	0.237041	28.2413	24.6977	18.0529	15.3871	24.3205	23.8357	11.4347	12.6795
165	21.8291	0.278665	23.4623	0.236009	28.2392	24.7017	18.0322	15.3849	24.2638	23.8456	11.4189	12.6868
164	22.7027	0.340775	23.5907	0.203513	35	28.2392	21	18.0322	25	24.2638	10	11.4189
163	22.7064	0.341226	23.6993	0.20259	35	28.2413	21	18.0529	25	24.3205	10	11.4347
162	22.701	0.341813	23.8109	0.201654	35	28.2385	21	18.0737	25	24.3788	10	11.4513
161	22.6764	0.342694	23.9494	0.200475	35	28.225	21	18.0946	25	24.4511	10	11.4715
160	20.7487	0.206651	25.1253	0.268356	22.861	21.6891	13.4546	11.8	25.3606	25.2374	14.7004	15.6181
159	20.7347	0.206899	25.2039	0.266995	22.8571	21.6795	13.4521	11.8008	25.3048	25.2514	14.6781	15.6254
158	20.7432	0.20695	25.2701	0.265898	22.8526	21.6823	13.4478	11.804	25.2601	25.2642	14.6613	15.6333
157	20.758	0.206894	25.3359	0.264893	22.8466	21.6878	13.4416	11.8056	25.2237	25.2809	14.6488	15.6448
156	21.2716	0.237206	25.0834	0.249953	24.7984	22.8466	15.5953	13.4416	25.3776	25.2237	13.3937	14.6488
155	21.2857	0.237198	25.1648	0.248856	24.7943	22.8526	15.5955	13.4478	25.3652	25.2601	13.3746	14.6613
154	21.2953	0.237183	25.2578	0.247632	24.7924	22.8571	15.596	13.4521	25.3577	25.3048	13.3572	14.6781
153	21.3107	0.236982	25.3539	0.246504	24.7823	22.861	15.5938	13.4546	25.3699	25.3606	13.3437	14.7004
152	21.9572	0.281548	25.1099	0.223552	28.2585	24.7823	18.266	15.5938	25.6545	25.3699	11.6725	13.3437
151	21.9674	0.281659	25.2035	0.222205	28.2685	24.7924	18.2538	15.596	25.5272	25.3577	11.6659	13.3572
150	21.9711	0.281779	25.3124	0.220739	28.2683	24.7943	18.2425	15.5955	25.4243	25.3652	11.657	13.3746
149	21.9821	0.281706	25.4266	0.219247	28.2639	24.7984	18.2309	15.5953	25.3259	25.3776	11.6473	13.3937
148	22.7459	0.344974	25.6245	0.187163	35	28.2639	21	18.2309	25	25.3259	10	11.6473
147	22.7538	0.345137	25.8129	0.18585	35	28.2683	21	18.2425	25	25.4243	10	11.657
146	22.754	0.345409	26.0098	0.184475	35	28.2685	21	18.2538	25	25.5272	10	11.6659
145	22.7357	0.345983	26.2535	0.182717	35	28.2585	21	18.266	25	25.6545	10	11.6725
144	20.9358	0.20788	27.905	0.252669	22.9954	21.8532	13.6128	11.9672	28.0041	27.9513	16.1274	17.5598
143	20.9228	0.208137	28.0266	0.250518	22.9919	21.8444	13.6107	11.9658	27.9315	27.9793	16.0932	17.5682
142	20.9315	0.208092	28.123	0.248889	22.988	21.8475	13.6072	11.9671	27.87	27.9996	16.0616	17.5745
141	20.9447	0.208074	28.219	0.247341	22.9823	21.8523	13.6032	11.9705	27.8203	28.0254	16.035	17.5847
140	21.4389	0.238769	27.8091	0.2292	24.8936	22.9823	15.7433	13.6032	27.8352	27.8203	14.1177	16.035
139	21.4523	0.23866	27.9385	0.227502	24.8897	22.988	15.7428	13.6072	27.7987	27.87	14.1067	16.0616
138	21.4609	0.238632	28.0849	0.225607	24.8879	22.9919	15.7431	13.6107	27.7682	27.9315	14.0962	16.0932
137	21.475	0.238435	28.2297	0.223841	24.8783	22.9954	15.7411	13.6128	27.7627	28.0041	14.0865	16.1274
136	22.0934	0.283408	27.929	0.197786	28.3031	24.8783	18.3766	15.7411	27.5837	27.7627	11.7929	14.0865
135	22.1038	0.283439	28.0985	0.196037	28.3118	24.8879	18.3668	15.7431	27.4102	27.7682	11.7869	14.0962
134	22.1082	0.283481	28.2903	0.194053	28.3106	24.8897	18.3585	15.7428	27.2649	27.7987	11.7816	14.1067
133	22.1195	0.283338	28.4907	0.19205	28.3052	24.8936	18.3511	15.7433	27.1226	27.8352	11.771	14.1177
132	22.8199	0.346769	29.0636	0.165529	35	28.3052	21	18.3511	25	27.1226	10	11.771
131	22.8296	0.3468	29.3358	0.163863	35	28.3106	21	18.3585	25	27.2649	10	11.7816
130	22.8317	0.346969	29.6141	0.162102	35	28.3118	21	18.3668	25	27.4102	10	11.7869
129	22.8159	0.347448	29.946	0.159892	35	28.3031	21	18.3766	25	27.5837	10	11.7929
128	21.1054	0.208771	31.5423	0.224003	23.1174	22.002	13.7457	12.1058	32.0878	31.8032	17.2211	19.6913
127	21.0935	0.209001	31.7382	0.220837	23.1143	21.994	13.7447	12.1047	31.95	31.8383	17.23	19.7287
126	21.101	0.20898	31.897	0.2184	23.1111	21.9967	13.7423	12.1064	31.8365	31.866	17.2494	19.7679
125	21.1137	0.208874	32.0452	0.216094	23.106	22.0015	13.739	12.1083	31.7462	31.8992	17.2446	19.7927
124	21.5896	0.239782	31.7303	0.193056	24.9827	23.106	15.8659	13.739	31.767	31.7462	14.4032	17.2446
123	21.6016	0.239687	31.9605	0.190874	24.9792	23.1111	15.8646	13.7423	31.7057	31.8365	14.407	17.2494
122	21.6088	0.239655	32.2367	0.188512	24.9775	23.1143	15.8639	13.7447	31.6428	31.95	14.4088	17.23
121	21.6216	0.239441	32.534	0.186184	24.9685	23.1174	15.8613	13.7457	31.6079	32.0878	14.4049	17.2211
120	22.2167	0.284544	33.039	0.163189	28.3514	24.9685	18.4662	15.8613	30.0508	31.6079	11.9784	14.4049
119	22.2268	0.28457	33.3143	0.161348	28.359	24.9775	18.4584	15.8639	29.8238	31.6428	12.0055	14.4088
118	22.2315	0.284607	33.6067	0.159245	28.3571	24.9792	18.4523	15.8646	29.6366	31.7057	12.0039	14.407
117	22.2425	0.284465	33.8852	0.15713	28.3513	24.9827	18.4472	15.8659	29.461	31.767	11.9995	14.4032
116	22.9029	0.347816	33.5371	0.137316	35	28.3513	21	18.4472	25	29.461	10	11.9995
115	22.9134	0.347779	33.873	0.135157	35	28.3571	21	18.4523	25	29.6366	10	12.0039
114	22.9168	0.347876	34.2313	0.132879	35	28.359	21	18.4584	25	29.8238	10	12.0055
113	22.9028	0.348276	34.6659	0.130116	35	28.3514	21	18.4662	25	30.0508	10	11.9784
112	21.2572	0.209521	37.1718	0.17457	23.228	22.1358	13.8652	12.2299	38.3776	37.7499	17.2781	20.4741
111	21.2452	0.20972	37.5845	0.171375	23.2253	22.1279	13.8635	12.228	38.1279	37.8434	17.2383	20.3352
110	21.251	0.209762	37.8683	0.168876	23.2223	22.1298	13.8613	12.2302	37.8501	37.8567	17.1362	20.2215
109	21.2621	0.209698	38.1763	0.166468	23.2177	22.1339	13.8585	12.2325	37.6465	37.9186	17.0778	20.148
108	21.7244	0.240655	38.4612	0.146146	25.0647	23.2177	15.9721	13.8585	36.7677	37.6465	14.1148	17.0778
107	21.7354	0.240557	38.8156	0.143994	25.0616	23.2223	15.9707	13.8613	36.8085	37.8501	14.1924	17.1362
106	21.742	0.240522	39.2451	0.141662	25.0602	23.2253	15.9702	13.8635	36.9218	38.1279	14.3112	17.2383
105	21.7539	0.240333	39.6312	0.139371	25.0514	23.228	15.9689	13.8652	37.0234	38.3776	14.3488	17.2781
104	22.3288	0.285567	39.661	0.121106	28.3971	25.0514	18.542	15.9689	34.1514	37.0234	11.8345	14.3488
103	22.3389	0.285513	39.9267	0.119387	28.4043	25.0602	18.5344	15.9702	33.6513	36.9218	11.9002	14.3112
102	22.3434	0.285517	40.1793	0.117351	28.4019	25.0616	18.5293	15.9707	33.1397	36.8085	11.85	14.1924
101	22.3541	0.28536	40.4874	0.115432	28.3957	25.0647	18.5255	15.9721	32.717	36.7677	11.7818	14.1148
100	22.983	0.348475	39.7726	0.104474	35	28.3957	21	18.5255	25	32.717	10	11.7818
99	22.9942	0.348394	40.5811	0.10212	35	28.4019	21	18.5293	25	33.1397	10	11.85
98	22.9984	0.348451	41.559	0.09918	35	28.4043	21	18.5344	25	33.6513	10	11.9002
97	22.9854	0.348832	42.5171	0.0956059	35	28.3971	21	18.542	25	34.1514	10	11.8345
96	21.3914	0.2103	45.5898	0.108771	23.3295	22.2557	13.9744	12.3439	45.527	45.5582	13.0184	16.633
95	21.3784	0.210546	46.0948	0.106104	23.3272	22.2474	13.9716	12.342	45.4219	45.7712	13.1339	16.5603
94	21.3843	0.210523	46.4862	0.104119	23.3245	22.2495	13.9715	12.3439	45.301	45.9171	13.2651	16.5127
93	21.3941	0.210462	46.8418	0.102365	23.3203	22.253	13.9682	12.3455	45.1597	46.0344	13.4096	16.4798
92	21.8457	0.241489	47.4269	0.0880429	25.1434	23.3203	16.0685	13.9682	42.6876	45.1597	11.2642	13.4096
91	21.856	0.241412	47.7065	0.0865316	25.1402	23.3245	16.0683	13.9715	42.6787	45.301	11.2574	13.2651
90	21.8612	0.241371	47.9633	0.0851459	25.1398	23.3272	16.0644	13.9716	42.6524	45.4219	11.2672	13.1339
89	21.8727	0.241204	48.1913	0.0839225	25.1307	23.3295	16.0653	13.9744	42.6245	45.527	11.2864	13.0184
88	22.4334	0.286402	47.9862	0.0771669	28.4443	25.1307	18.6069	16.0653	36.7758	42.6245	10.2962	11.2864
87	22.4448	0.286147	48.1251	0.0766798	28.4506	25.1398	18.6009	16.0644	36.6844	42.6524	10.3397	11.2672
86	22.4479	0.286364	48.2569	0.0762511	28.4476	25.1402	18.5968	16.0683	36.5972	42.6787	10.3888	11.2574
85	22.4592	0.286099	48.3584	0.0759575	28.4409	25.1434	18.5938	16.0685	36.507	42.6876	10.4466	11.2642
84	23.0646	0.348855	47.0604	0.0749331	35	28.4409	21	18.5938	25	36.507	10	10.4466
83	23.0767	0.34874	47.2349	0.0742527	35	28.4476	21	18.5968	25	36.5972	10	10.3888
82	23.0821	0.348757	47.4033	0.0736441	35	28.4506	21	18.6009	25	36.6844	10	10.3397
81	23.0707	0.349074	47.5798	0.0730619	35	28.4443	21	18.6069	25	36.7758	10	10.2962
80	21.5127	0.211029	50.6614	0.0711448	23.4266	22.3664	14.0777	12.4499	47.2236	49.0161	10.5777	11.2242
79	21.4995	0.211311	50.7365	0.0709085	23.4244	22.3581	14.0771	12.4494	47.2124	49.0499	10.5827	11.2066
78	21.5039	0.211311	50.7605	0.0708251	23.422	22.3594	14.0752	12.4505	47.2001	49.0564	10.5926	11.2026
77	21.5131	0.211255	50.7743	0.070805	23.4179	22.3627	14.0728	12.4523	47.1845	49.0561	10.6096	11.2103
76	21.9583	0.242348	50.4326	0.0690089	25.2219	23.4179	16.1599	14.0728	43.6458	47.1845	10.274	10.6096
75	21.9678	0.24227	50.4554	0.0688894	25.2191	23.422	16.1584	14.0752	43.6535	47.2001	10.2699	10.5926
74	21.9731	0.242253	50.4775	0.0688021	25.2182	23.4244	16.1576	14.0771	43.6553	47.2124	10.269	10.5827
73	21.9835	0.242069	50.4882	0.0687546	25.2102	23.4266	16.1552	14.0777	43.6671	47.2236	10.2705	10.5777
72	22.5348	0.287102	49.6258	0.0689687	28.4959	25.2102	18.6648	16.1552	37.1752	43.6671	10.0965	10.2705
71	22.545	0.287053	49.6388	0.068931	28.5012	25.2182	18.6592	16.1576	37.1364	43.6553	10.0996	10.269
70	22.5499	0.287029	49.6611	0.0688886	28.4974	25.2191	18.6556	16.1584	37.1085	43.6535	10.1036	10.2699
69	22.561	0.286832	49.6666	0.0688909	28.4899	25.2219	18.6533	16.1599	37.0865	43.6458	10.1085	10.274
68	23.1532	0.348912	48.1802	0.070838	35	28.4899	21	18.6533	25	37.0865	10	10.1085
67	23.1668	0.348757	48.2226	0.0707309	35	28.4974	21	18.6556	25	37.1085	10	10.1036
66	23.1738	0.348737	48.2762	0.0706089	35	28.5012	21	18.6592	25	37.1364	10	10.0996
65	23.164	0.349018	48.3507	0.0704555	35	28.4959	21	18.6648	25	37.1752	10	10.0965
64	21.6348	0.212136	51.3656	0.0672426	23.5611	22.4942	14.2126	12.5765	47.5937	49.5604	10.3403	10.5954
63	21.6213	0.212303	51.4099	0.0671727	23.556	22.4844	14.2092	12.5726	47.5871	49.5803	10.3414	10.5961
62	21.6251	0.212234	51.4154	0.0671609	23.5525	22.4849	14.2056	12.5715	47.581	49.5803	10.3426	10.5959
61	21.6334	0.212213	51.4134	0.0671669	23.5491	22.4881	14.2031	12.5736	47.5754	49.5765	10.3447	10.5974
60	22.0791	0.243388	50.9025	0.0670524	25.3654	23.5491	16.2966	14.2031	43.9508	47.5754	10.1804	10.3447
59	22.088	0.243352	50.9074	0.0670344	25.3619	23.5525	16.294	14.2056	43.9572	47.581	10.18	10.3426
58	22.0948	0.243403	50.917	0.0670133	25.3615	23.556	16.2926	14.2092	43.9595	47.5871	10.1799	10.3414
57	22.1097	0.243292	50.9183	0.0670052	25.3543	23.5611	16.2886	14.2126	43.9719	47.5937	10.1802	10.3403
56	22.6686	0.288218	50.023	0.0678626	28.6518	25.3543	18.7686	16.2886	37.3796	43.9719	10.0703	10.1802
55	22.6896	0.287979	50.0277	0.0678505	28.6421	25.3615	18.7608	16.2926	37.3485	43.9595	10.0715	10.1799
54	22.7068	0.287702	50.0427	0.0678234	28.622	25.3619	18.7531	16.294	37.3275	43.9572	10.0729	10.18
53	22.7323	0.287252	50.0447	0.0678187	28.5985	25.3654	18.7451	16.2966	37.3121	43.9508	10.0744	10.1804
52	23.3503	0.348057	48.6137	0.0698525	35	28.5985	21	18.7451	25	37.3121	10	10.0744
51	23.3929	0.347594	48.6434	0.0697912	35	28.622	21	18.7531	25	37.3275	10	10.0729
50	23.4294	0.347217	48.6836	0.0697113	35	28.6421	21	18.7608	25	37.3485	10	10.0715
49	23.447	0.34713	48.7433	0.0695996	35	28.6518	21	18.7686	25	37.3796	10	10.0703
48	21.8871	0.214561	51.6131	0.0664157	23.8861	22.7793	14.468	12.8335	47.8204	49.7981	10.2854	10.4857
47	21.8783	0.214644	51.6531	0.0663485	23.8809	22.7721	14.4658	12.8305	47.8156	49.8167	10.2849	10.4845
46	21.8889	0.214468	51.657	0.0663425	23.8741	22.7749	14.465	12.8313	47.8109	49.8164	10.2855	10.4848
45	21.9053	0.214208	51.6547	0.0663445	23.8664	22.7806	14.4629	12.8326	47.8071	49.8134	10.2862	10.4848
44	22.3825	0.245264	51.144	0.0664345	25.6985	23.8664	16.4982	14.4629	44.1714	47.8071	10.1493	10.2862
43	22.4	0.245149	51.1465	0.066427	25.694	23.8741	16.4876	14.465	44.1767	47.8109	10.1493	10.2855
42	22.4134	0.245052	51.1539	0.066412	25.6926	23.8809	16.4781	14.4658	44.1784	47.8156	10.1494	10.2849
41	22.4314	0.244942	51.1532	0.0664141	25.682	23.8861	16.4667	14.468	44.1891	47.8204	10.1501	10.2854
40	23.0094	0.288061	50.2935	0.0672907	28.9623	25.682	18.7552	16.4667	37.5386	44.1891	10.055	10.1501
39	23.0437	0.287437	50.2967	0.0672802	28.9438	25.6926	18.7649	16.4781	37.5128	44.1784	10.0557	10.1494
38	23.0729	0.286781	50.3088	0.0672582	28.9109	25.694	18.7783	16.4876	37.496	44.1767	10.0567	10.1493
37	23.1116	0.285879	50.3095	0.0672545	28.8734	25.6985	18.7926	16.4982	37.4842	44.1714	10.0578	10.1493
36	23.85	0.341635	48.9442	0.0691748	35	28.8734	21	18.7926	25	37.4842	10	10.0578
35	23.9183	0.340302	48.9668	0.0691292	35	28.9109	21	18.7783	25	37.496	10	10.0567
34	23.9784	0.339116	48.9991	0.0690676	35	28.9438	21	18.7649	25	37.5128	10	10.0557
33	24.0121	0.338406	49.0485	0.0689785	35	28.9623	21	18.7552	25	37.5386	10	10.055
32	22.2542	0.217409	51.7282	0.0665621	24.311	23.1729	14.7849	13.1776	47.981	49.9351	10.3217	10.5672
31	22.2401	0.217536	51.7651	0.0664789	24.3015	23.1608	14.7782	13.1712	47.9779	49.9528	10.3172	10.5602
30	22.2486	0.21729	51.7724	0.066432	24.2899	23.1603	14.765	13.1648	47.9755	49.9555	10.3117	10.5507
29	22.2639	0.21695	51.7744	0.0663922	24.2771	23.1631	14.7499	13.1588	47.9738	49.9557	10.3065	10.5411
28	22.7741	0.246723	51.3035	0.0662905	26.1311	24.2771	16.6689	14.7499	44.3455	47.9738	10.1473	10.3065
27	22.8021	0.246558	51.3035	0.0663103	26.1251	24.2899	16.6795	14.765	44.3491	47.9755	10.1504	10.3117
26	22.8245	0.246452	51.3078	0.0663248	26.1232	24.3015	16.6896	14.7782	44.3495	47.9779	10.1536	10.3172
25	22.8529	0.246046	51.3059	0.0663437	26.1093	24.311	16.6901	14.7849	44.3581	47.981	10.1567	10.3217
24	23.4779	0.285008	50.4984	0.0670065	29.3376	26.1093	18.803	16.6901	37.6679	44.3581	10.0498	10.1567
23	23.5191	0.283895	50.5019	0.0669853	29.3181	26.1232	18.7962	16.6896	37.6462	44.3495	10.0493	10.1536
22	23.5504	0.282759	50.5137	0.0669503	29.2841	26.1251	18.7806	16.6795	37.6326	44.3491	10.0491	10.1504
21	23.5934	0.28133	50.5151	0.0669317	29.2448	26.1311	18.7613	16.6689	37.6237	44.3455	10.049	10.1473
20	24.5262	0.326974	49.2119	0.0686635	35	29.2448	21	18.7613	25	37.6237	10	10.049
19	24.5975	0.325038	49.2291	0.068635	35	29.2841	21	18.7806	25	37.6326	10	10.0491
18	24.6593	0.323279	49.2551	0.0685921	35	29.3181	21	18.7962	25	37.6462	10	10.0493
17	24.6947	0.322122	49.2968	0.0685242	35	29.3376	21	18.803	25	37.6679	10	10.0498
16	22.7412	0.221795	51.8163	0.0668204	24.9304	23.7199	15.2247	13.6635	48.1181	50.0467	10.3632	10.6655
15	22.722	0.221678	51.8427	0.0668235	24.9079	23.6992	15.2045	13.6441	48.1148	50.0589	10.3684	10.6769
14	22.7345	0.221126	51.8421	0.0668613	24.8901	23.6981	15.1851	13.6308	48.1099	50.0563	10.3738	10.6866
13	22.7571	0.220414	51.7939	0.067492	24.8723	23.7026	15.1653	13.6188	48.059	50.0066	10.4751	10.8412
12	23.3337	0.247258	51.3854	0.0668453	26.7677	24.8723	16.9778	15.1653	44.4343	48.059	10.2266	10.4751
11	23.3736	0.246908	51.4254	0.0663913	26.7583	24.8901	16.9931	15.1851	44.4969	48.1099	10.1696	10.3738
10	23.4073	0.246663	51.4342	0.0663542	26.7563	24.9079	17.0101	15.2045	44.4976	48.1148	10.1678	10.3684
9	23.4528	0.246135	51.4362	0.0663272	26.7505	24.9304	17.0282	15.2247	44.5022	48.1181	10.1666	10.3632
8	24.1817	0.277573	50.675	0.0667792	29.8992	26.7505	19.0065	17.0282	37.7763	44.5022	10.0483	10.1666
7	24.2399	0.275461	50.6769	0.0667817	29.8409	26.7563	18.9817	17.0101	37.7646	44.4976	10.0488	10.1678
6	24.2889	0.273543	50.6866	0.0667742	29.7855	26.7583	18.9639	16.9931	37.7527	44.4969	10.0493	10.1696
5	24.3566	0.27116	50.881	0.0667262	29.7236	26.7677	18.9466	16.9778	37.7456	44.4343	10.0504	10.2266
4	25.3963	0.300172	49.4457	0.0682762	35	29.7236	21	18.9466	25	37.7456	10	10.0504
3	25.5089	0.296318	49.4593	0.0682472	35	29.7855	21	18.9639	25	37.7527	10	10.0493
2	25.6096	0.293051	49.4822	0.0682057	35	29.8409	21	18.9817	25	37.7646	10	10.0488
1	25.7155	0.29007	49.5046	0.0681652	35	29.8992	21	19.0065	25	37.7763	10	10.0483
0	25.7287	0	49.5074	0	0	0	0	0	0	0	0	0
